1078
1222
1218
1251
1216
496
1373
1451
1005
1184
1126
1001
1233
777
1617
1778
1204
910
573
955
367
543
584
937
1635
896
1654
388
560
309
968
1341
883
888
942
449
1382
1314
603
385
1201
727
1088
1432
855
1056
561
409
668
484
715
1034
731
1649
1322
1364
896
326
1102
1158
986
1068
498
867
1307
1143
1018
1687
1159
1619
775
1711
1049
861
1142
1255
619
405
1014
1287
241
1431
671
970
1079
695
1036
1326
1020
1136
1482
357
1555
683
1574
212
1177
943
251
1334
1265
728
1396
1313
1292
889
270
1262
996
634
899
939
1064
1272
611
493
967
1645
521
985
484
1355
692
1038
388
1617
952
915
1262
1905
952
877
632
698
892
1923
1289
1160
887
637
1497
1785
926
1560
1407
889
403
372
884
924
1060
367
981
1102
1107
719
1421
1410
985
682
1314
1287
1262
648
984
505
921
976
1016
1159
611
1864
1294
888
774
1052
1127
527
1423
1362
1153
833
1080
1132
287
889
1202
706
1649
537
739
962
1175
1352
1313
861
855
233
1835
1221
1391
797
1083
1035
1036
1207
1437
1513
1086
1563
225
1589
395
1007
1073
1384
895
977
1441
895
865
531
1207
1390
1233
871
601
790
1455
1139
1010
548
1286
796
285
1024
706
1721
536
1494
635
1464
434
732
1470
857
1115
1067
832
1554
961
1047
787
871
1139
370
740
1091
1158
897
1229
871
1443
1217
1018
1079
1241
1074
151
1479
1271
488
941
1703
1218
1114
559
683
1180
1093
1587
1843
1492
1725
1065
981
1093
1804
1423
1603
1404
1354
1176
1198
570
544
1628
513
968
1129
991
1237
967
930
1291
535
1395
1552
217
926
996
506
767
838
1582
831
818
378
1338
943
331
740
1648
858
640
569
1752
618
1432
1071
1097
1421
1011
1414
1702
652
300
447
1555
1219
1723
902
1076
842
738
1008
1375
258
385
1063
1201
1418
1505
1199
274
497
766
377
1113
901
799
562
1320
1160
326
724
1163
977
1171
420
1194
596
1320
973
788
1409
980
514
1666
715
927
1569
1133
432
1118
1109
927
1587
1189
1390
486
986
1302
1156
849
980
1232
362
955
1753
1133
852
1699
1452
1176
839
212
1154
1351
580
572
629
148
1407
1411
1616
1219
1040
1202
1407
781
1038
1743
1434
546
1590
412
776
1302
1069
1231
1434
1272
928
237
1798
1469
799
655
1171
1377
1225
1151
1227
1335
912
194
552
303
1099
1309
1434
1135
1403
866
1031
343
629
509
996
1049
1090
1133
671
722
1072
1468
189
869
1121
711
948
1049
1212
174
1734
474
1070
988
775
1167
1296
560
1653
1049
777
387
1742
757
895
1440
156
1336
571
826
408
641
996
1300
1212
1116
1010
1159
867
572
1035
599
397
1104
586
1875
1269
1232
433
1624
631
561
1010
723
668
256
514
1175
1294
436
351
1053
1780
1346
1351
1343
1164
1063
852
1030
986
238
979
733
692
1267
958
663
1201
1095
991
830
1006
999
1256
1377
1957
1121
902
1249
1259
1251
1004
1741
1299
706
1083
1167
1119
1286
1195
1455
875
877
539
269
847
848
1283
1047
1293
1272
876
1650
1621
835
1025
929
1306
1277
881
1267
1230
236
1007
1528
1293
89
693
762
1077
591
1217
1302
1170
1106
1570
1015
1656
1555
1061
948
1178
640
1300
1149
825
1027
429
481
1654
661
1098
883
247
1455
1113
1890
1246
1157
651
674
1450
218
974
970
1323
246
984
1329
504
748
628
1032
738
630
1532
913
656
1311
1744
1308
674
1192
1541
920
1350
653
808
947
1512
1810
1619
1312
1378
297
1633
1051
1245
1319
1084
1100
65
710
1482
1153
1043
365
768
1697
1027
1214
1357
1052
1756
1600
1323
1105
1604
833
403
466
994
724
1129
1371
1019
1112
773
1616
782
855
714
1197
1267
547
1053
1661
1263
819
709
640
384
768
1042
490
1367
715
1298
970
548
1051
786
244
1774
1618
317
144
1080
1089
1110
860
1646
1175
1408
1617
1072
811
980
1685
980
1039
675
714
806
717
1204
1172
782
1852
844
1032
902
980
1275
1378
597
591
1520
1380
1382
981
1239
732
858
1349
699
281
1159
677
1316
490
715
342
555
1223
1761
461
393
1894
312
587
925
916
1271
903
1292
218
1196
515
948
1929
846
1538
659
1055
1238
1060
686
748
1440
704
940
1505
397
1197
727
156
657
823
1401
1319
761
677
1585
1030
578
1228
1599
772
1093
1545
1051
1290
1434
1413
1695
1023
1175
1084
1121
1613
787
1763
1117
886
959
195
1394
966
368
145
636
479
1172
571
508
452
501
457
574
945
1001
1329
234
1138
1092
1279
1159
1266
362
982
1582
852
743
1049
1088
700
594
832
1666
665
680
652
1143
850
574
1002
653
1074
809
578
1369
1160
1257
1601
1296
699
584
157
668
1296
1137
249
850
1231
1648
1289
1282
946
1472
298
1609
502
652
1454
704
577
806
707
1354
1614
635
721
773
595
1026
1772
1293
960
1280
663
1606
1416
614
1455
998
1262
1094
630
910
916
1631
869
1770
633
674
824
1913
1479
881
1265
1444
867
1337
567
812
1361
689
1456
319
968
822
276
87
1435
433
1435
1399
877
415
1307
1496
748
878
1616
1732
551
790
1643
381
1021
259
823
591
1595
740
754
1306
780
560
976
1099
1733
954
1184
519
1737
969
1268
612
1086
574
1458
1185
1450
1425
267
704
1565
1261
1083
290
518
1256
