694
335
440
335
422
160
986
958
355
762
763
973
542
717
853
851
663
483
400
218
155
174
16
507
852
365
791
264
492
173
38
538
860
829
872
281
988
857
591
342
971
353
666
512
70
518
362
84
352
113
301
507
639
668
365
490
33
155
105
876
680
142
413
539
970
637
171
957
845
761
650
815
466
315
327
887
184
40
970
536
153
622
394
791
290
110
632
674
265
736
549
296
878
314
834
199
950
356
156
794
469
157
961
934
824
287
172
359
678
141
246
182
762
991
324
51
101
955
76
365
43
625
660
920
290
845
470
239
552
977
384
20
134
344
305
957
982
476
667
12
968
913
193
730
903
869
132
3
175
208
719
217
184
378
488
473
574
958
63
126
934
798
497
419
142
154
727
475
981
394
486
949
306
31
30
560
899
161
563
425
720
281
642
903
11
481
727
584
790
141
709
724
939
558
494
432
711
221
906
691
614
392
639
271
422
668
830
672
181
744
96
900
25
89
155
387
570
233
970
711
374
31
434
664
588
280
95
650
500
352
340
465
743
331
87
516
350
916
187
882
12
635
134
388
723
288
774
644
520
743
355
245
125
140
260
64
419
354
713
270
706
405
734
800
735
820
316
436
88
854
670
451
488
803
838
563
90
611
206
961
705
912
558
830
404
817
893
822
523
606
444
580
362
529
379
448
701
46
883
788
900
552
590
387
354
427
949
795
37
507
108
93
418
665
922
821
481
167
995
355
124
438
934
485
318
313
932
18
710
166
157
609
70
746
996
423
172
296
570
560
802
677
653
572
341
926
744
173
92
90
528
567
879
813
51
197
125
334
214
187
500
371
795
569
116
142
343
640
438
264
199
591
940
203
514
632
129
258
805
572
347
684
139
226
496
541
422
973
227
635
159
726
357
953
646
473
447
340
112
884
604
662
826
543
217
340
175
345
597
331
268
295
14
758
520
861
651
293
833
877
280
991
954
636
296
599
108
742
938
571
977
541
585
802
84
801
493
610
497
441
940
764
736
305
874
607
165
524
252
350
752
531
340
705
166
987
303
626
80
592
548
408
485
132
562
920
932
54
529
428
495
820
544
582
124
769
188
640
644
439
989
395
321
681
99
487
19
753
464
99
696
11
506
180
143
67
99
426
473
979
854
967
798
749
548
273
517
87
913
160
878
901
554
198
933
4
36
952
108
499
50
155
862
907
335
4
326
785
429
798
764
634
116
561
382
15
186
898
101
98
409
330
350
314
880
635
317
915
586
776
766
987
931
627
893
617
630
570
753
410
367
516
396
834
429
777
848
614
27
301
63
787
630
764
101
509
398
417
776
983
545
541
321
827
519
566
795
500
135
547
909
854
63
304
687
843
433
535
808
811
835
870
597
816
985
697
325
383
466
452
717
362
344
38
188
862
603
982
361
89
880
621
942
294
925
629
136
709
163
943
871
997
164
467
812
501
516
488
235
333
291
951
694
634
340
881
495
294
214
855
383
445
476
324
739
752
952
874
812
466
169
682
814
684
500
978
536
15
465
770
347
108
73
392
741
412
624
588
58
837
794
440
282
621
115
372
372
419
597
535
884
765
568
698
801
68
675
336
434
491
458
133
950
530
524
691
293
148
630
350
336
423
141
969
44
256
340
767
26
937
654
261
53
221
958
205
288
984
541
722
827
998
206
128
879
729
170
171
228
799
521
564
222
661
884
617
268
224
383
293
512
36
554
564
609
863
769
896
199
661
969
377
10
174
504
888
255
674
58
482
824
930
397
45
943
281
13
210
856
748
855
367
135
760
282
743
974
402
639
172
414
959
900
423
485
756
662
91
781
72
924
604
1
321
1
943
953
13
505
808
760
359
526
895
118
159
637
91
561
627
615
974
938
866
749
422
621
410
864
401
833
787
5
834
459
357
128
411
369
632
570
129
342
447
375
459
606
11
902
166
990
868
491
927
733
239
700
706
1
563
458
833
349
462
18
808
170
498
570
539
129
140
19
471
586
393
281
543
755
534
708
744
401
551
22
486
789
721
191
141
635
648
326
984
462
695
143
631
192
64
521
321
555
539
143
493
931
423
35
686
309
95
781
709
645
803
546
785
523
88
926
158
736
603
493
549
297
987
531
841
50
52
513
957
590
655
449
873
429
483
558
89
577
338
798
221
140
695
6
15
783
283
524
870
237
16
418
885
354
300
725
755
351
237
711
293
243
159
165
24
642
722
112
570
411
261
791
903
956
148
917
90
782
440
959
18
807
376
902
512
675
979
266
378
567
977
670
162
135
834
